,4.000000000000006217e+00,4.000000000000003553e+00,5.000000000000006217e+00,9.999999999999957812e-01,9.999999999999996669e-01,4.000000000000007105e+00,2.000000000000001776e+00,4.000000000000004441e+00,4.000000000000006217e+00.1,9.608766722916990136e-17,3.784323974664360987e-15,1.340713647614169059e-15,-1.545578867932607345e-15,-6.315002523274577398e-16,-4.479197293099785132e-15,1.197963903762608297e-15,4.934886998388827090e-15,-3.068581162693564029e-15,-1.436513645973342418e-15,6.547866846547531527e-15,5.794248954077062543e-16,-3.248464090868707028e-15,-1.470254605435522550e-15,2.860162403928556375e-15,-5.050228309827332875e-16,1.053400156107426497e-15,3.564463020096894790e-15,-9.112778350597488023e-15,-3.144347494467392634e-15,2.004301779528560870e-15,-1.233102269526402470e-15,3.268372630062995096e-16,3.700633705813727149e-16,-1.341360882229162759e-15,2.416808179933028719e-15,-2.634705583758161927e-15,-5.856625573315024346e-16,2.691310002896598975e-15,-9.063386638175248126e-16,1.599529979364903452e-15,2.249300446700710358e-15,3.091638037065258598e-15,-2.054566383939367081e-15,1.208114411957451462e-15,1.170356340605744367e-16,-9.266250717696973555e-16,-3.596099748003389346e-15,-2.661362598086760900e-15,-5.212379194755891581e-15,-5.447438268102946249e-16,-1.129183666741676561e-15,-5.383228269889077900e-16,-1.510153054010744303e-15,1.087785174474390412e-15,-7.153087707469691628e-15,-3.106420592363153922e-15,-7.547529886056844466e-16,-1.766046934917053773e-15,-1.718335473963511721e-17,4.228851256264308011e-15,-3.450328375110362919e-15,1.039758133256540361e-16,-1.382975940722905806e-15,-7.549096107549449599e-16
4.000000000000006217e+00,1,0.13739636089826082,0.22229449079419553,0.09335922707674454,0.05579023033468215,0.19181057414295324,0.15356926214542319,0.1940666189473144,0.21913597587833894,0.17360793504950786,0.4115085775885493,0.15197375335978489,0.31678739006513557,0.2145648385510839,0.31856828739841386,0.2298030718849984,0.17457974581664013,0.11928452996661744,0.28230672092099485,0.1487142087981173,0.16438049903868632,0.08254534790917853,0.26254916482819757,0.16800134401612773,0.24318611519114006,0.11643997136838712,0.12142099581191536,0.033406350328978526,0.08503139365921698,0.08963553175196125,0.1598623094611011,0.2165395243701832,0.16205724618769246,0.13727179149395188,0.21440205156944667,0.16869380006009063,0.17351696998587485,0.16751616751217324,0.1947586222592521,0.1440966694164433,0.15425376502878885,0.21878226650393043,0.13229841222186545,0.18018151011933128,0.13574348905460384,0.19356628361665945,0.08722377046744687,0.12431797411772333,0.19376409870267552,0.1562798108516117,0.02414609116986489,0.2883925752685081,0.25712120162766083,0.2262146888158103,0.04351340521352906,0.05072148425858618,0.07905385352336741,0.10005996513677586,0.12098389875879105,0.13309305144613087,0.09110506463487575,2.2857927992273315e-17,0.11550749288922767,0.1733023695989524
4.000000000000003553e+00,0.13739636089826082,1,0.13728565848231397,0.13653270659279168,0.06577808649698824,0.23538008888796919,0.17782877682568474,0.09672398665799294,0.24713349332657983,0.28743439151276984,0.1585238237612771,0.22845562490241042,0.3501565409591426,0.12040748770775901,0.12072858208702657,0.23598314310253848,0.166483314942662,0.1898632773483264,0.15821939779027194,0.19556908144212762,0.21051639854146484,0.21565901767896464,0.2162624099259974,0.24052306140362512,0.20915035604180718,0.15600643009353718,0.1590649019282505,0.1595170595754866,0.21841083641402018,0.270211063229448,0.2154076440830859,0.16144321684456772,0.18380062305296005,0.26011108768784175,0.19255139258712406,0.1491706787903369,0.22348237127673745,0.19339107620838236,0.15069161633855496,0.30580848349785417,0.22354740278271423,0.27685129576073364,0.19822859866126424,0.12057322417672046,0.32117136896757426,0.2641889041680151,0.27588545294358985,0.1875285282889039,0.1308411214953274,0.2176545646360971,0.11387539818405457,0.1457237608548667,0.2089293372184318,0.1941512401450075,0.14108435142757547,0.20556905610324666,0.3635052878750389,0.12251065013365754,0.21807929870306952,0.3184554143778397,0.11923083364896575,0.23712977374217603,0.08086058170603935,0.2006791461795972
5.000000000000006217e+00,0.22229449079419553,0.13728565848231397,1,0.13992600911156572,0.2569350598886809,0.1421419252827155,0.16839152204902275,0.19062500000000168,0.2981482937453974,0.150484377744687,0.22011479012854568,0.18170389194463235,0.2440894507135096,0.24119095530943435,0.06717615186255786,0.19039432764659908,0.30620122660837146,0.36975498644372595,0.05634361698190179,0.1789886939299373,0.12550302014101658,0.09969033325337857,0.07326178376915851,0.07439515141604994,0.2035761408548369,0.02187500000000059,0.31464366276435174,0.11538663540571804,0.21157964576503496,0.07216878364870441,0.22248595461287068,0.1955384722187617,0.08112334364864028,0.06947125179709163,0.2017528818929554,0.17181411259181983,0.15367521409964405,0.11539158284426375,0.21201634312492607,0.1595239252781736,0.1631787490682098,0.2538981798168038,0.20830225756931842,0.07331946568012539,0.03249220280687896,0.10062305898749008,0.24363362787753326,0.05828937301696991,0.21528887352908063,0.16263073138024114,0.04633410831661676,0.27669929526473436,0.09847319278346732,0.18561553006146958,0.13809315505102757,0.2096334618824179,0.13302660798266114,0.11929353693889036,0.11127045488553967,0.09013878188660093,0.32597609830579155,0.12083333333333361,0.05114957546028528,0.07674257668936538
9.999999999999957812e-01,0.09335922707674454,0.13653270659279168,0.13992600911156572,1,0.1609035973418262,0.07761698471119881,0.1779534401428347,0.29257256450600044,0.2232630303700073,0.06658238232870096,0.23501474626092334,0.09587916664186417,0.13133586494549326,0.20081982829242567,0.24610099647534844,0.17705069298164486,0.1110666831666978,0.08600659050750636,0.2078492603931405,0.05498768821726643,0.26054341053929203,0.24009653430774633,0.1620747671654203,0.11536420166813871,0.04203408244133062,0.21306915023806644,0.0891682673880727,0.24387746446019695,0.23720890029881186,0.055081581154904614,0.2812990501832698,0.09184084378856687,0.13653270659279096,0.28632277671566614,0.054347439638576994,0.2166564420219847,0.11898981490774728,0.09645831804329319,0.2815812953481949,0.31493672487748114,0.24329402471420192,0.14618748688666144,0.15898311049420386,0.20189425037406014,0.22153875332557607,0.17824910551641923,0.25700291839586864,0.24715755575393625,0.17463485726984912,0.15141502137564106,0.03627047195796965,0.3125242948370076,0.21921074112420308,0.1798956907402881,0.2777911283065996,0.2438081969658033,0.2849972418857416,0.08324455997504232,0.32711951336421136,0.09172916374959904,0.2791766288132168,0.16536710167730523,0.21254584371728594,0.16734985691035492
9.999999999999996669e-01,0.05579023033468215,0.06577808649698824,0.2569350598886809,0.1609035973418262,1,0.03288967572401412,0.15701945143281532,0.09223309842157847,0.15417308117571177,0.17241789345882663,0.14834152599098321,0.18798581720922342,0.156741634884779,0.023112508176051882,0.23367260876414814,0.20069324297987245,0.3227644328066027,0.1596143528088098,0.0334076552390529,0.09967506006695451,0.12170845504184918,0.16813254068367933,0.2383892935241749,0.27633494088473526,0.15549861892959926,0.0922330984215776,0.14274127119363206,0.2027136552363856,0.17766360788705152,0.2015923301928731,0.07106690545187025,0.059456436769311796,0.20062316381581394,0.07689058565365543,0.2501955416802669,0.23622779563076715,0.2148100397434982,0.06516075439283676,0.13257575757575835,0.1345223853785438,0.1400044802150515,0.0845154254728512,0.09949259215910804,0.08637791488508138,0.09932438816365338,0.2317738893889236,0.2599442513509782,0.07168279304541542,0.3716461887079833,0.20060705020235392,0.07513913622228718,0.24679487179487214,0.19462473604038064,0.12733164871873803,0.21326667172187733,0.22491901880992934,0.08856148855401018,0.09700438805082635,0.1737620117142293,0.08770580193070257,0.32319656328389074,0.10101720303315616,0.11681883763705832,0.21571674297647803
4.000000000000007105e+00,0.19181057414295324,0.23538008888796919,0.1421419252827155,0.07761698471119881,0.03288967572401412,1,0.08622167106762389,0.09360565811300772,0.09361297191214549,0.1052494653065428,0.264211453778394,0.16425230069367738,0.20854168358364447,0.07702984043999898,0.13041918616935577,0.20393997140418496,0.2287087499587469,0.11720180773462466,0.16798925775296147,0.07867872968097066,0.2673275516124679,0.1585216425965686,0.16255330333025067,0.22402088476716497,0.10801399809291226,0.1560094301883464,0.03976699020981464,0.04923460715486102,0.09548198320525832,0.11208970766356201,0.16455067024148937,0.21693045781865664,0.031153247058702396,0.1348750095135055,0.14153622401547725,0.10359274127059288,0.18531232916527654,0.1737352770403711,0.147505212338001,0.22652915879532026,0.36206113651169214,0.14824986333222037,0.17692874544515977,0.019138975058774092,0.04686092130918779,0.24806946917841713,0.2010673388447485,0.2442947346915986,0.08307532548987195,0.0460653439704885,0.15420923385088856,0.11806550259902401,0.04096732451993437,0.10459527207369752,0.08907011651647218,0.1661196034879304,0.0466041382428373,0.13990682793662534,0.1325874482676509,0.19230769230769337,0.01432229748078857,0.2265025801253021,0.2789980155224663,0.07297563831157783
2.000000000000001776e+00,0.15356926214542319,0.17782877682568474,0.16839152204902275,0.1779534401428347,0.15701945143281532,0.08622167106762389,1,0.14572343254242426,0.08452619474154435,0.21696037169682658,0.1159172156966115,0.20921295676435936,0.18316275364602919,0.060590414275451164,0.073092241110208,0.04082010477060339,0.213629548266661,0.22989638751683011,0.23719468553323747,0.30096433783882426,0.22889362748676131,0.2823660656223741,0.23435534251798384,0.1725401027577296,0.3974550285381123,0.14896173104336738,0.14858030846620135,0.1716903108425599,0.17465723843478068,0.16078839596626696,0.20609978213293,0.3000450430315318,0.2069280312153427,0.1187834474920562,0.1352789949165779,0.33286360319466546,0.2977222575915146,0.11957516471871577,0.14895125827618902,0.32730894541560673,0.2162841482205115,0.11078037491777298,0.33389971977270844,0.2189945501043156,0.1144787633863199,0.19309481545449744,0.3078862095356337,0.2382550335570472,0.14872952243602638,0.17211267386908108,0.11818824743716824,0.21110976413375282,0.16582050813834653,0.17097343793770586,0.24959266436773853,0.15516702293971926,0.1777533759627097,0.14481034382167784,0.06405812395645455,0.19399875990215257,0.21739252017946128,0.26769934274460083,0.17668009977269397,0.12496772944311753
4.000000000000004441e+00,0.1940666189473144,0.09672398665799294,0.19062500000000168,0.29257256450600044,0.09223309842157847,0.09360565811300772,0.14572343254242426,1,0.0956324715787124,0.2617119612951073,0.18763883748662902,0.269190951029084,0.13467004177297048,0.12790429448227628,0.23175772392582353,0.18382900600361246,0.1728066328383878,0.05634361698190139,0.09860132971832686,0.10131435505468189,0.251006040282031,0.1495354998800671,0.19111769678910923,0.19838707044279785,0.11506477526577728,0.17187499999999917,0.09558794818157587,0.13313842546813634,0.11475506210984872,0.24176542522315608,0.20225995873897246,0.2105798931586659,0.1778473303066326,0.17367812949272693,0.17208334043810916,0.13819830795428947,0.08351913809763233,0.09890707100936848,0.2227968351482273,0.23609540941169677,0.22010156851060747,0.27394277296023556,0.09764168323561831,0.12507438263080103,0.2761837238584579,0.10434983894998959,0.1842107918098415,0.16515322354807946,0.09672398665799255,0.18685232967091492,0.21384973069207555,0.3101464628242072,0.2769558547034994,0.23864853865046018,0.1509390299394952,0.08609945755885047,0.15753150945315025,0.16701095171444585,0.024726767752341318,0.20801257358446051,0.11618950038622283,0.26666666666666694,0.04688711083859415,0.31062471517124
4.000000000000006217e+00.1,0.21913597587833894,0.24713349332657983,0.2981482937453974,0.2232630303700073,0.15417308117571177,0.09361297191214549,0.08452619474154435,0.0956324715787124,1,0.18255835593206238,0.20461448777541444,0.28469167311909566,0.34343543846286795,0.29603020977974553,0.11790335807847854,0.29250793226997457,0.2374002906265623,0.25673566313102647,0.22503990225065218,0.11550738912964088,0.13103539056702784,0.1704837894296429,0.18922130331304238,0.13711034834542982,0.33991020038379816,0.2643956567176155,0.17565657848994157,0.11717096875149804,0.16138691493725732,0.19811878975079752,0.3458915532769033,0.05753793042155607,0.19377512544925035,0.25011604754909605,0.1575575747916302,0.2050724301984219,0.1052423363817469,0.2114303829264751,0.15201681430612116,0.13783944056732278,0.1332098049177779,0.17440158600403696,0.25193522595632806,0.1436311161574392,0.2807545670588327,0.1777812939174086,0.2995144942651449,0.2535785842246308,0.29487519090103226,0.2647281497284431,0.016039982974529722,0.1532608144231927,0.3019054689129867,0.2094967514996092,0.24569655303501603,0.08423431128326675,0.18275082893192052,0.19633841747180508,0.18917455314474071,0.17162378183893243,0.3195460915757701,0.11625908309568968,0.23019107395147975,0.01644612276554189
9.608766722916990136e-17,0.17360793504950786,0.28743439151276984,0.150484377744687,0.06658238232870096,0.17241789345882663,0.1052494653065428,0.21696037169682658,0.2617119612951073,0.18255835593206238,1,0.16620941843426285,0.34520740960790985,0.1615384868171162,0.030604876586993714,0.2215181109482187,0.10309339222314767,0.11108032969633877,0.19538183021501565,0.15851733394803155,0.2722224999720821,0.115616658254467,0.3548260758754992,0.3201138384952405,0.263309937170244,0.21002464663933626,0.22899796613321788,0.19179323869327503,0.17344528296608513,0.30408182027976877,0.13598952417348587,0.11292554771849336,0.18107990964299633,0.1437171957563848,0.19635974166358364,0.29817115717917386,0.11339203853503607,0.13639365440817933,0.10785484808256775,0.11661719339397038,0.17033722298082354,0.18671386340792465,0.25530094286659305,0.14991677901932834,0.06772440410913537,0.17347340171707873,0.09363291775690444,0.15551666972992995,0.12543021488722858,0.22864099324879414,0.0941806467732674,0.2052124522867967,0.23554936829452133,0.1900656415853471,0.19739552271936175,0.14792444091094795,0.01959413730797533,0.1649115212190523,0.10704187036151074,0.03451355138642208,0.1415423843777628,0.1655556577078735,0.19192210494974493,0.013386455713123111,0.2524902318426884
3.784323974664360987e-15,0.4115085775885493,0.1585238237612771,0.22011479012854568,0.23501474626092334,0.14834152599098321,0.264211453778394,0.1159172156966115,0.18763883748662902,0.20461448777541444,0.16620941843426285,1,0.2797514424720945,0.2624122739342337,0.1898886313281879,0.06593308791364981,0.257753334816828,0.2135427128142726,0.06506000486323575,0.1626500121580892,0.17938120183502015,0.1854955583040679,0.11511248147888277,0.12137603905690321,0.0859041213929176,0.1158313376981536,0.2092894725812387,0.050588750312756316,0.10249000771134771,0.15321206512498575,0.26666666666666705,0.3620020090351086,0.06078917900054002,0.29903357664058977,0.0882403410371797,0.14388962906378178,0.21995839704037534,0.04243342123957577,0.16655340354337997,0.21576949235051968,0.38682496104646574,0.15774914461488584,0.339467369916603,0.20294442756076403,0.1494035761667995,0.25887947211218076,0.025819888974715797,0.2470160908777858,0.2093988412583938,0.16572945211406206,0.14383899044561502,0.00823107997208063,0.21768460618795143,0.13502712035855374,0.09866000352876712,0.01112485398724961,0.09941908999736607,0.0808452083454442,0.18497630378398852,0.22365742761539617,0.2522018422430128,0.16397831834998494,0.2646188733785789,0.06398431251535025,0.2616243364966141
1.340713647614169059e-15,0.15197375335978489,0.22845562490241042,0.18170389194463235,0.09587916664186417,0.18798581720922342,0.16425230069367738,0.20921295676435936,0.269190951029084,0.28469167311909566,0.34520740960790985,0.2797514424720945,1,0.2295957252599501,0.1652672576274612,0.16274890985720322,0.09897020990568725,0.1697498284611056,0.1440883224778755,0.1668391102375393,0.3127293403661101,0.22703034378381606,0.23257637534631956,0.14062222245620518,0.18691401457529622,0.2096728363822552,0.2792856116926724,0.25302553833284874,0.13061564748280527,0.13128685329519488,0.17873008824605968,0.21052666250578286,0.19435269156680254,0.21165741718899803,0.044882477617055466,0.035141797155638636,0.2694612080617609,0.0683470924894379,0.13756192396065023,0.4178895696452045,0.09619096963285342,0.24108356430837477,0.17266633892068647,0.2067694928861744,0.07894774678150913,0.335869707825144,0.024077170617153542,0.09917575647422401,0.23013425244079536,0.2116574171889975,0.10432376126897594,0.11129506393913874,0.18007349689127464,0.19218367001782394,0.2791752287965231,0.19364762356952522,0.09270877945342028,0.08292740005584844,0.28259211780978516,0.11981199828830781,0.145587266523941,0.17723725194851297,0.23778534007568958,0.1881763724594702,0.28331529878993134
-1.545578867932607345e-15,0.31678739006513557,0.3501565409591426,0.2440894507135096,0.13133586494549326,0.156741634884779,0.20854168358364447,0.18316275364602919,0.13467004177297048,0.34343543846286795,0.1615384868171162,0.2624122739342337,0.2295957252599501,1,0.19029387571247205,0.23822753300691868,0.291770206171596,0.2558545482480986,0.2750576504064917,0.1960180956919816,0.07580004681897519,0.22535329286699204,0.193921019407466,0.28597586900159144,0.13040340447782142,0.23839658602522582,0.17394880395675313,0.17521355993212626,0.1885944843964545,0.17707787404992126,0.15874322744169714,0.214880372617639,0.11140958324659939,0.24090770017989044,0.24948523684092797,0.11986795161327181,0.10395429352430667,0.2549439185062149,0.11469844469963464,0.22583700395062403,0.23488182424559892,0.20442129259048125,0.1769610728454911,0.195780097895177,0.03097705256757513,0.12543748753320802,0.3078231761134781,0.3094290648661681,0.35760347140415166,0.18768390595410098,0.32929895931714215,0.2591923694889617,0.1965526451965872,0.19892083478500697,0.11374228582485366,0.2133610559669692,0.16804373255189034,0.2860065957383642,0.13158217541345618,0.15169794298983874,0.32370649392088124,0.2607874145098857,0.10100253132972765,0.13393946735373485,0.12139436898899107
-6.315002523274577398e-16,0.2145648385510839,0.12040748770775901,0.24119095530943435,0.20081982829242567,0.023112508176051882,0.07702984043999898,0.060590414275451164,0.12790429448227628,0.29603020977974553,0.030604876586993714,0.1898886313281879,0.1652672576274612,0.19029387571247205,1,0.16496867155228012,0.2149716051956105,0.23753489331143068,0.2388470020352448,0.1853123291652752,0.1974634834925063,0.17611748841908764,0.05828947081817778,0.1303721289114051,0.08699848552934276,0.13110777393816242,0.11694106924093699,0.26082366022768294,0.12109494313232333,0.016774474579920533,0.042197473628487345,0.1261466444776718,0.04837139580942574,0.21527399317447712,0.10155053083322721,0.09020928544206935,0.04367853486341347,0.1367354423570613,0.21686809948734048,0.11766367798717048,0.22012780102018367,0.11094358949671443,0.08594799233872549,0.33874357758838936,0.05547919049464076,0.1367882257762668,-1.4936397071059166e-16,0.19804564463191446,0.12496772944311747,0.09121779371799969,0.09306784409317975,0.22923831483682944,0.17423275394254026,0.2555014976101222,0.23084242270769367,0.06759946551567285,0.10068562627996601,0.24562537539453724,0.07971607864666866,0.10602440419381066,0.06081303192631541,0.17361581190217207,0.07796071282729147,0.0448611453415933,0.09401709401709414
-4.479197293099785132e-15,0.31856828739841386,0.12072858208702657,0.06717615186255786,0.24610099647534844,0.23367260876414814,0.13041918616935577,0.073092241110208,0.23175772392582353,0.11790335807847854,0.2215181109482187,0.06593308791364981,0.16274890985720322,0.23822753300691868,0.16496867155228012,1,0.13054578093986838,0.18247723177063435,0.18924736854309782,0.21574200013913122,0.07259635734410953,0.24820304463955922,0.17858167908954314,0.2773127107395509,0.27796063940834964,0.2378341174549187,0.10076422779383493,0.2696916819775812,0.44837885134452987,0.15032166784612433,0.14737984357168796,0.11956600219488105,0.16975136258433055,0.1039607234638285,0.2314738434958453,0.12755747983764493,0.1886835176421326,0.19389868315579367,0.26133839261463826,0.050210643205519545,0.051437776464948605,0.03263023755355655,0.10413077428737158,0.024487652153632317,0.16224582083325892,0.20953931040996476,0.09212907111266876,0.16286533635931144,0.08701457275024756,0.2682857379711709,0.07066322637128102,0.21452632297208513,0.22550223782833848,0.37044280855752887,0.25967056175430625,0.25197744115601334,0.22531790833419055,0.08654019336879727,0.06594114448699989,0.301203571149074,0.044715149543778455,0.2428273095975863,0.008956820248340658,0.15118539254832028,0.17675214809172854
1.197963903762608297e-15,0.2298030718849984,0.23598314310253848,0.19039432764659908,0.17705069298164486,0.20069324297987245,0.20393997140418496,0.04082010477060339,0.18382900600361246,0.29250793226997457,0.10309339222314767,0.257753334816828,0.09897020990568725,0.291770206171596,0.2149716051956105,0.13054578093986838,1,0.08598551696529652,0.10357591104431244,0.20715182208862182,0.1738288270469243,0.042187145952866566,0.20943971280156948,0.10037993208697575,0.10791935111638544,0.26653376126443495,0.04595725150090298,0.09622672916745369,0.05594218151929887,0.21472010947992382,0.14403862827999203,0.13456070404133824,0.03160056526016782,0.08849367866345252,0.2736606677932682,0.12466565289662582,0.054929421800255215,0.09826073688810402,0.07792280807306107,0.24158685048360737,0.1508149266052178,0.3029596053689355,0.10527936095154007,0.2530006941820027,0.09514054938842337,0.18431000264127126,0.17225126439097885,0.22471489827235036,0.07143518334855473,0.08849367866345267,0.20354890686141353,0.02995183499220184,0.22677804113906025,0.16485958687798555,0.12689181442098593,0.016867460085670853,0.17695428485023854,0.03309584091088142,0.12889241525758838,0.12987134678843376,0.07647748927656982,0.35259302188282104,0.10504514628777786,0.017910048789278366,0.09596946660518325
4.934886998388827090e-15,0.17457974581664013,0.166483314942662,0.30620122660837146,0.1110666831666978,0.3227644328066027,0.2287087499587469,0.213629548266661,0.1728066328383878,0.2374002906265623,0.11108032969633877,0.2135427128142726,0.1697498284611056,0.2558545482480986,0.23753489331143068,0.18247723177063435,0.08598551696529652,1,0.3177190239051812,0.16056767874777964,0.08846042554202407,0.15097720903188944,0.16441350954268194,0.08034494008016871,0.07561075048838349,0.2690550641787228,0.054570515633174936,0.20478743103040337,0.06601676964063517,0.15655607277128747,0.24154831449483252,0.1635174850419331,0.244421388749323,0.3874520784120114,0.14827343059464324,0.22451272837632835,0.1848020176142186,0.18797907983012843,0.2079002318273411,0.12550336181138882,0.1454752833202241,0.1583066395916206,0.13288176332819435,0.15156215470816234,0.10460342609446603,0.1355448875250603,0.15908233573368147,0.2421241987434319,0.06597383108235133,0.2572923958204772,0.1510611552207683,0.242042164453852,0.1150447483271062,0.12240169397543968,0.18579013390438465,0.2617089127978963,0.23605949113584748,0.2716942443245298,0.019839725173213328,0.16791941801439003,0.3060661212683222,0.1753428015038423,0.1738171979427054,0.0992447540368274,0.14890247043403135
-3.068581162693564029e-15,0.11928452996661744,0.1898632773483264,0.36975498644372595,0.08600659050750636,0.1596143528088098,0.11720180773462466,0.22989638751683011,0.05634361698190139,0.25673566313102647,0.19538183021501565,0.06506000486323575,0.1440883224778755,0.2750576504064917,0.2388470020352448,0.18924736854309782,0.10357591104431244,0.3177190239051812,1,0.1706349206349204,0.049472949205067285,0.07354145860773095,0.1759966372136281,0.04307304922539529,0.015968350158843677,0.2327290224604331,0.03521476061368887,0.14810869536178295,0.08668400520173351,0.040410720414073314,0.06506000486323572,0.33048567173295035,0.27543361959799856,0.1687673576429566,0.1369991560877985,0.2540967705235967,0.14731391274719777,0.1807015805810506,0.27399512118288205,0.1822235740311987,0.14381047912516545,0.05986843400892565,0.04517539514526253,0.128367997372902,0.15552315827194818,0.09519786795214505,0.09659092088013568,0.15401248570730947,0.16056255636096106,0.17931531749564147,0.10138012536074306,0.3895865099421033,0.027411409426916077,0.03814480901808879,0.1460834966964266,0.19904033999114246,-3.7073501334428745e-16,0.10651074037451018,0.06145306837669641,0.009287970209589541,0.07032108464077497,0.20003306604966048,0.07042952122737645,0.1440976044260589,0.04529856935151204
-1.436513645973342418e-15,0.28230672092099485,0.15821939779027194,0.05634361698190179,0.2078492603931405,0.0334076552390529,0.16798925775296147,0.23719468553323747,0.09860132971832686,0.22503990225065218,0.15851733394803155,0.1626500121580892,0.1668391102375393,0.1960180956919816,0.1853123291652752,0.21574200013913122,0.20715182208862182,0.16056767874777964,0.1706349206349204,1,0.16364129352445236,-4.3169422249899243e-16,0.1348059348870342,0.23331234997088837,0.15169932650901302,0.14628681411798627,0.22889594398897342,0.13913241079440164,0.17003401020340092,0.1576018096148836,0.03253000243161781,0.1367526917515659,0.016949761206031196,0.1300915048497787,0.12917063288278052,0.07021094974994127,0.07155247190578212,0.15434926674631427,0.14396353824863298,0.06884001685623013,0.09707207340948694,0.17532898531185143,0.0790569415042102,0.17604753925426475,0.04860098695998366,0.20504156174308202,0.16798421022632296,0.18414536334569584,0.15691340735275705,0.08438367882147794,0.0779847118159549,0.11647431740537043,0.13363062095621245,0.1595146558938249,0.09296222517045205,0.05066481381592737,0.1265518658881384,0.04733810683311492,0.2035632889978048,0.12538759782945408,0.03516054232038741,0.17093734735152766,0.07982012405769334,0.196933392715613,0.004118051759228793
6.547866846547531527e-15,0.1487142087981173,0.19556908144212762,0.1789886939299373,0.05498768821726643,0.09967506006695451,0.07867872968097066,0.30096433783882426,0.10131435505468189,0.11550738912964088,0.2722224999720821,0.17938120183502015,0.3127293403661101,0.07580004681897519,0.1974634834925063,0.07259635734410953,0.1738288270469243,0.08846042554202407,0.049472949205067285,0.16364129352445236,1,0.09765317793025301,0.08977832727779653,0.15146142441740193,0.2182226878679376,0.1944945020798373,0.22626872628878675,0.12051736755042734,0.15027559925027414,0.16276869149686923,0.25347343737557104,0.07285986585964678,0.08127529928706341,0.16859403572597217,0.17267627373361466,0.09939676178692393,0.18567718406967965,0.17690568232240608,0.08461929603714265,0.13980398035365194,0.1413641830014559,0.19685030364844927,0.25633272336512,0.12662405329241638,0.08389625650826239,0.2773996791072949,0.07652213182182213,0.31787639725871863,0.05249377985560997,0.16859403572597165,0.20192878155811606,1.1243089419993325e-16,0.1873014864994443,0.1629535509448589,0.24835223396778341,0.0590000426678667,0.09304651747341684,0.09457898240614131,0.24310422917249797,0.17814588639398587,0.3409411619508691,0.39413276012456255,0.18912012943540518,0.17964912330142524,0.16192005646385435
5.794248954077062543e-16,0.16438049903868632,0.21051639854146484,0.12550302014101658,0.26054341053929203,0.12170845504184918,0.2673275516124679,0.22889362748676131,0.251006040282031,0.13103539056702784,0.115616658254467,0.1854955583040679,0.22703034378381606,0.22535329286699204,0.17611748841908764,0.24820304463955922,0.042187145952866566,0.15097720903188944,0.07354145860773095,-4.3169422249899243e-16,0.09765317793025301,1,0.16014640514768938,0.23026414223450914,0.2504045179177084,0.15640688727111346,0.12550302014101553,0.12156530535015478,0.19962013261054914,0.0864126412275354,0.185495558304068,0.22202744804029192,0.1147748203143569,0.2706639409818837,0.08370097836971366,0.12868820555151558,0.11400364817511306,0.25760327444465464,0.09268474973316593,0.06350006350009557,0.19476170431285705,0.07315441413081819,0.16636878141217357,0.13071281213570582,0.11085479909473873,0.2505443071977965,0.07782896421160178,0.15273462562487627,0.23929788328161467,0.1403442656943098,0.19455255923981224,-3.1434870541164094e-16,0.2588848742696195,0.2273997689894627,0.3029129782651002,0.1496117976026667,0.060136303060250716,0.14059150367106335,0.08760582828110658,0.13902712459974825,0.15037174778201284,0.11924944489399908,0.1070959105203333,0.2396585781033392,0.11741165894605761
-3.248464090868707028e-15,0.08254534790917853,0.21565901767896464,0.09969033325337857,0.24009653430774633,0.16813254068367933,0.1585216425965686,0.2823660656223741,0.1495354998800671,0.1704837894296429,0.3548260758754992,0.11511248147888277,0.23257637534631956,0.193921019407466,0.05828947081817778,0.17858167908954314,0.20943971280156948,0.16441350954268194,0.1759966372136281,0.1348059348870342,0.08977832727779653,0.16014640514768938,1,0.270970124565681,0.24862857693902055,0.28235928103311714,0.21931873315743305,0.11858553042594686,0.22337317790012257,0.17159955576364483,0.12278664691080843,0.19715287964047085,0.0879697436114013,0.10285276227766042,0.2511688706860444,0.1735222998730355,0.3058253618381948,0.22025179478154683,0.035058058204584575,0.2560200051319662,0.23409206097662014,0.08070620216795872,0.15630772532883944,0.28033723990597154,0.1559304953090409,0.12438368739663078,0.2179607093685131,0.16112959938821278,0.1549569872317917,0.15593805893709733,0.20605091887161783,0.026530001143443296,0.10023286079219365,0.140707830806546,0.17544603542594575,0.08878892870033674,0.17912939722386523,0.1526231977924719,0.13410110803481912,0.09202740278703413,0.15483509276874094,0.36379105821892727,0.23039543685225186,0.2900831700425776,0.10880701219393021
-1.470254605435522550e-15,0.26254916482819757,0.2162624099259974,0.07326178376915851,0.1620747671654203,0.2383892935241749,0.16255330333025067,0.23435534251798384,0.19111769678910923,0.18922130331304238,0.3201138384952405,0.12137603905690321,0.14062222245620518,0.28597586900159144,0.1303721289114051,0.2773127107395509,0.10037993208697575,0.08034494008016871,0.04307304922539529,0.23331234997088837,0.15146142441740193,0.23026414223450914,0.270970124565681,1,0.34665398834986294,0.17743097093890614,0.2452677108793569,0.12585000075889632,0.1598329824199962,0.22297251884747613,0.25746432527221863,0.18898223650461363,0.14181763183919013,0.11767219363620426,0.26908429556673075,0.2661295731372012,0.15990053726670772,0.23155520024535847,0.17642698833636158,0.014651326618643603,0.227642577358355,0.1392506642761405,0.003405223533019938,0.19573371787121452,0.03516899742266611,0.12254074329068503,0.2887001270310826,0.2271351113186784,0.2937693730155021,0.2035410916950554,0.2080924865478216,0.10535498414901151,0.2603428037620447,0.28543620863706376,0.34836248557561544,0.17676532957860017,0.30143890361778325,0.27475479263960356,0.2918285570763162,0.07561156642986842,0.14841823347544628,0.2269933347611198,0.09768237835887837,0.2737164935038943,0.14154688281809674
2.860162403928556375e-15,0.16800134401612773,0.24052306140362512,0.07439515141604994,0.11536420166813871,0.27633494088473526,0.22402088476716497,0.1725401027577296,0.19838707044279785,0.13711034834542982,0.263309937170244,0.0859041213929176,0.18691401457529622,0.13040340447782142,0.08699848552934276,0.27796063940834964,0.10791935111638544,0.07561075048838349,0.015968350158843677,0.15169932650901302,0.2182226878679376,0.2504045179177084,0.24862857693902055,0.34665398834986294,1,0.2876415056626703,0.2940379794062894,0.1986643267649397,0.13080695180795035,0.17074440442840677,0.30270976109885295,0.1452170386590497,0.11509804680035036,0.2582085806244804,0.11419535588472755,0.26571326825030817,0.17783842673645187,0.17799965834412523,0.2102344721102813,0.06925347412836233,0.1410573581551356,0.223704027545574,0.18557411189068332,0.07379370472464021,0.029335732442442364,0.13997100070251656,0.147868991789045,0.22903803451750948,0.14684264064487682,0.20868912680608587,0.14906087608204574,-1.6773344807566046e-16,0.15166824198247503,0.23373199136461795,0.13694082274293418,0.10557887015076642,0.14428686985383535,0.14683580222541917,0.11978043343641535,0.05606252589607421,0.22009069380633647,0.150011155319243,0.13225804696186533,0.11597045062810102,0.16156861598306355
-5.050228309827332875e-16,0.24318611519114006,0.20915035604180718,0.2035761408548369,0.04203408244133062,0.15549861892959926,0.10801399809291226,0.3974550285381123,0.11506477526577728,0.33991020038379816,0.21002464663933626,0.1158313376981536,0.2096728363822552,0.23839658602522582,0.13110777393816242,0.2378341174549187,0.26653376126443495,0.2690550641787228,0.2327290224604331,0.14628681411798627,0.1944945020798373,0.15640688727111346,0.28235928103311714,0.17743097093890614,0.2876415056626703,1,0.24488144479639723,0.13536991723851863,0.2849173126535847,0.15912832700440116,0.22144226324646715,0.12730528108069963,0.28756872888282076,0.11783118650242717,0.06230981970618526,0.12605239826734316,0.13752871132428932,0.05677357797767237,0.06225351055255595,0.020356182841694024,0.0963903520119362,0.15406052176151072,0.2334024872415394,0.1597883496971183,0.24024267034658806,0.12270631430115708,0.179445136749548,0.1570866115101148,0.2507024026163478,0.2592286103053375,0.2188806273182965,0.1918050678366687,0.06315636214986908,0.16560393857640723,0.11126575434685465,0.1910169959988339,0.204987952589284,0.18177969691857335,0.2220371920360507,0.14007039874325156,0.222574299100545,0.19501684330752148,0.08654444635374771,0.17706846757758404,0.16906002428868117
1.053400156107426497e-15,0.11643997136838712,0.15600643009353718,0.02187500000000059,0.21306915023806644,0.0922330984215776,0.1560094301883464,0.14896173104336738,0.17187499999999917,0.2643956567176155,0.22899796613321788,0.2092894725812387,0.2792856116926724,0.17394880395675313,0.11694106924093699,0.10076422779383493,0.04595725150090298,0.054570515633174936,0.03521476061368887,0.22889594398897342,0.22626872628878675,0.12550302014101553,0.21931873315743305,0.2452677108793569,0.2940379794062894,0.24488144479639723,1,0.20710722106007837,0.10946937205157757,0.12192725349171421,0.22011479012854487,0.19214696080202467,0.06016568375961895,0.25897067395527096,0.25357006905938245,0.10384339509196244,0.2315755430585394,0.11024526228887611,0.11951271080298623,0.1257724069385152,0.29033354400627703,0.14799933055023648,0.09020066914544261,0.04231139606876846,0.17251638983558823,0.24369152105157849,0.011180339887499655,0.27631618771476385,0.3529745366027601,0.16848694450101964,0.18339210134367515,0.1176173518806409,0.13986997343052435,0.0923186182344985,0.10311973892303705,0.19911106077124927,0.07486909352943509,0.27305461638546197,0.2010948194112706,0.10302819896809126,0.28428385056543004,0.19687665343221042,0.13750000000000015,0.15344872638085705,0.168102787033847
3.564463020096894790e-15,0.12142099581191536,0.1590649019282505,0.31464366276435174,0.0891682673880727,0.14274127119363206,0.03976699020981464,0.14858030846620135,0.09558794818157587,0.17565657848994157,0.19179323869327503,0.050588750312756316,0.25302553833284874,0.17521355993212626,0.26082366022768294,0.2696916819775812,0.09622672916745369,0.20478743103040337,0.14810869536178295,0.13913241079440164,0.12051736755042734,0.12156530535015478,0.11858553042594686,0.12585000075889632,0.1986643267649397,0.13536991723851863,0.20710722106007837,1,0.27149715017865983,0.2650890224878011,0.1655631828417491,0.11600168673089037,0.14377785653808609,0.1948545048621067,0.12395813578193668,0.08319081734060385,0.14281181296774034,0.04257825623811344,0.2311056972506299,0.06411907369125777,0.0447291231294199,0.26117450473003767,0.19160215307151152,0.2571861447841143,0.15391121883271477,0.21119868387821228,0.0522478366577997,0.16282973327876524,0.012381692372182949,0.1312285440908067,0.20727383898541427,0.22258475373907805,0.20539241737364297,0.23924328224694655,0.1839974128658939,0.22511698425073748,0.2385527677564365,0.2632381368864622,0.10860023264106002,0.25736770830183625,0.07953398041962909,0.16453801395794576,0.07965662348464532,0.09235312274036014,0.13972696083625893
-9.112778350597488023e-15,0.033406350328978526,0.1595170595754866,0.11538663540571804,0.24387746446019695,0.2027136552363856,0.04923460715486102,0.1716903108425599,0.13313842546813634,0.11717096875149804,0.17344528296608513,0.10249000771134771,0.13061564748280527,0.1885944843964545,0.12109494313232333,0.44837885134452987,0.05594218151929887,0.06601676964063517,0.08668400520173351,0.17003401020340092,0.15027559925027414,0.19962013261054914,0.22337317790012257,0.1598329824199962,0.13080695180795035,0.2849173126535847,0.10946937205157757,0.27149715017865983,1,0.2682191898712164,0.24597601850723572,0.06383069023231215,0.028481295655001924,0.06498843167890198,0.09865912618202734,0.13764099246174666,0.1485221314465008,0.06009529580450506,0.1326587489964387,0.11567436550551817,0.03020624246902295,0.1329345130616469,0.09488730916500988,0.21878282846564817,0.23274807983626153,0.2430228600990011,0.1799470821684858,0.09282783054926733,0.09197695223708531,0.2599537267156096,0.15069660556407186,0.1585974485645043,0.12090849969128853,0.24181710323442362,0.223153975668192,0.23107777117734218,0.2729004083956048,0.09280125149960122,0.1613465770318086,0.38627106325433685,0.04595230001120351,0.22917462425705243,0.21696632298511023,0.209848085859314,0.18683219797558345
-3.144347494467392634e-15,0.08503139365921698,0.21841083641402018,0.21157964576503496,0.23720890029881186,0.17766360788705152,0.09548198320525832,0.17465723843478068,0.11475506210984872,0.16138691493725732,0.30408182027976877,0.15321206512498575,0.13128685329519488,0.17707787404992126,0.016774474579920533,0.15032166784612433,0.21472010947992382,0.15655607277128747,0.040410720414073314,0.1576018096148836,0.16276869149686923,0.0864126412275354,0.17159955576364483,0.22297251884747613,0.17074440442840677,0.15912832700440116,0.12192725349171421,0.2650890224878011,0.2682191898712164,1,0.07867646587499177,0.0232103541274267,5.439892767566359e-16,0.1468007261143415,0.21524880100025215,0.15321285325897477,0.08572408331227316,0.14184680942037264,0.21281413268968757,0.15670136401643248,0.032951120315946276,0.12628884582455024,0.27219252618503953,0.2502422624741029,0.10888420966802448,0.04474373701426844,0.10264004785593264,0.2386674935291948,0.040877226016650454,0.20408881435408407,0.2382472299639537,2.0767801542403977e-16,0.31054784488276777,0.10947163061708665,0.11157311356586641,0.18795146926188655,0.08591607478078432,0.1566719973134741,0.0782259270898625,0.18916811794638852,0.03978415966885675,0.14444444444444382,0.057377531054924706,0.11739345417674986,0.029355330514859244
2.004301779528560870e-15,0.08963553175196125,0.270211063229448,0.07216878364870441,0.055081581154904614,0.2015923301928731,0.11208970766356201,0.16078839596626696,0.24176542522315608,0.19811878975079752,0.13598952417348587,0.26666666666666705,0.17873008824605968,0.15874322744169714,0.042197473628487345,0.14737984357168796,0.14403862827999203,0.24154831449483252,0.06506000486323572,0.03253000243161781,0.25347343737557104,0.185495558304068,0.12278664691080843,0.25746432527221863,0.30270976109885295,0.22144226324646715,0.22011479012854487,0.1655631828417491,0.24597601850723572,0.07867646587499177,1,0.42817441928883815,0.09118376850080928,0.25219699234748566,0.21257900340775132,0.19185283875170844,0.21564548729448602,0.13501543121683038,0.16655340354338033,0.14937887931959115,0.16946617341083314,0.10078417572617746,0.22759744119408537,0.1578456658805948,0.11454274172787873,0.28139073055671726,0.17643590799389364,0.24358531183781632,0.0261748551573003,0.2630054348766619,0.07991055024756469,0.08642633970683901,0.0912870929175281,0.07106690545187033,0.10206207261596595,0.10383197054766352,0.08645138260640609,0.05659164584181123,0.15349097548033033,0.19510541557938793,0.27221786146864757,0.23478713763747794,0.21650635094610998,0.13289049522418928,0.12237267352260933
